13726
13877
18611
20377
22093
23130
23648
24299
27768
28522
33026
34099
35324
39219
43023
46438
46635
51916
53602
55944
57108
57640
58426
59323
61921
61948
62285
63441
64253
68407
68976
69540
69804
71754
74747
76091
86368
86619
90169
104783
109386
111194
113775
114376
118590
120948
123495
129506
132361
135510
138540
138695
139183
139322
140415
143320
144509
144579
145384
150952
153190
155756
159440
166494
166535
169582
172740
172745
174697
178673
186760
191423
196512
206855
580488
584610
589583
589748
599121
603090
605832
623606
632482
634110
641393
642378
644889
650453
657927
659245
660266
661451
664993
670597
682597
682784
685567
685715
689200
690282
691942
692231
694345
697146
697724
710504
714518
714533
715777
719724
720374
721420
728640
735490
743102
744975
752101
753848
757260
757599
763688
765276
765962
767132
768747
775293
776006
788330
789553
804487
808397
811212
822448
828144
835180
839983
842771
845879
855858
859449
865225
872519
875592
877926
888294
889623
912573
961067
970122
980480
995866
999879
10020073
10022831
10023785
10039578
10050273
10050897
10068702
10075479
10088523
10107575
10117069
10135928
10162762
10164484
10167582
10169355
10176830
10181475
10195890
10215768
10219620
10225474
10240269
10243177
10248530
10254553
10256778
10259912
10265160
10266851
10273932
10274467
10274545
10277684
10278206
10284723
10287925
10289183
10293626
10296386
10297453
10300972
10304536
10304936
10305302
10306443
10309588
10326816
10329504
10337592
10339186
10345073
10348299
10359224
10361992
10363550
10371118
10383714
10417062
10475484
10482362
10483486
10512305
10517878
10769032
10941377
11130180
11480910
11482748
11523709
11577707
1000000142
1000000187
1000000193
1000000264
1000000288
1000000343
1000000608
1000000715
1000000764
1000000829
1000001120
1000001293
1000001395
1000001396
1000001466
1000001509
1000001522
1000001534
1000001576
1000001638
1000001683
1000001737
1000001782
1000001953
1000001961
1000002001
1000002002
1000002367
1000002454
1000002534
1000002567
1000002575
1000002794
1000002833
1000002978
1000002983
1000002984
1000003003
1000003015
1000003026
1000003533
1000003570
1000003573
1000003590
1000003706
1000004661
1000004718
1000004719
1000005165
1000005554
1000005670
1000006462
1000006643
1000006644
1000007826
1000008082
1000008122
1000008562
1000008983
1000009402
1000009442
1000009521
1000009661
1000009782
1000010241
1000010403
1000010481
1000012961
1000013928
1000014143
1000014286
1000014745
1000014746
1000014803
1000014970
1000015268
1000015361
1000015463
1000015583
1000015741
1000015761
1000015964
1000016041
1000016345
1000016385
1000016826
1000017723
1000017846
1000040105
1000074607
1000074722
1000074741
1000074823
1000074961
1000075223
1000075555
1000075682
1000075745
1000075763
1000075801
1000076481
1000077047
1000077048
1000077410
1000077563
1000078201
1000078242
1000078272
1000079865
1000080683
1000081185
1000081521
1000081681
1000081881
1000082761
1000082781
1000083133
1000083283
1000083421
1000083766
1000084050
1000084543
1000085082
1000085508
1000085823
1000086162
1000086230
1000086236
1000086563
1000087025
1000087085
1000087642
1000087921
1000088382
1000088409
1000088881
1000090285
1000090824
1000090885
1000090906
1000091266
1000091783
1000092091
1000092101
1000092169
1000092208
1000092950
1000092977
1000093210
1000093247
1000093602
1000093828
1000093927
1000094421
1000095701
1000097079
1000097152
1000097156
1000097168
1000097182
1000097201
1000097203
1000097462
1000097798
1000097809
1000099547
1000100295
1000100547
1000100800
1000100813
1000100946
1000100948
1000101141
1000101425
1000101491
1000101893
1000101918
1000102442
1000102589
1000102661
1000102802
1000103422
1000104146
1000104643
1000104683
1000104912
1000105751
1000105923
1000106300
1000106848
1000107041
1000108107
1000108429
1000108950
1000110084
1000110642
1000112452
1000112681
1000115141
1000117004
1000117009
1000118922
1000120162
1000121162
1000121465
1000121761
1000123965
1000124301
1000125002
1000126429
1000126881
1000128765
1000130902
1000131364
1000133084
1000134101
1000134243
1000146803
1000147183
1000147303
1000147401
1000155862
1000159282
1000159502
1000159541
1000164361
1000164381
1000164422
1000166281
1000174072
1000175191
1000178167
1000178409
1000181141
1000185863
1000195861
1000204748
1000208883
1000224066
1000225081
1000226301
1000237582
1000243862
1000278557
1000279042
1000282404
1000282822
1000285695
1000300156
1000301061
1000302045
1000302787
1000304221
1000304702
1000306683
1000307901
1000325102
1000325164
1000325341
1000325645
1000328241
1000328882
1000329844
1000330362
1000331103
1000331203
1000331922
1000331923
1000332064
1000332131
1000332263
1000332288
1000332803
1000332882
1000332962
1000333984
1000334325
1000334524
1000334707
1000334713
1000335086
1000335183
1000335921
1000336384
1000336821
1000336982
1000337499
1000338242
1000340841
1000341122
1000341584
1000344069
1000344125
1000344563
1000344908
1000347302
1000347402
1000349187
1000349323
1000350486
1000350703
1000351754
1000351891
1000352062
1000352290
1000352925
1000353465
1000354811
1000356186
1000357641
1000358061
1000361242
1000362043
1000365863
1000366442
1000367203
1000367402
1000367526
1000367688
1000367703
1000368721
1000372616
1000373021
1000374626
1000374793
1000375672
1000376225
1000376283
1000376937
1000379364
1000379805
1000381501
1000381543
1000383882
1000384285
1000385102
1000385561
1000388755
1000389142
1000389886
1000390000
1000390250
1000391701
1000395608
